 name          msafips   dism1990    isol1990
 "abilentx"         40   .37414962    .054812
  "akronoh"         80    .6927283   .4388922
 "albanyga"        120   .62265709   .4661379
 "albanyny"        160   .61961997     .26638
 "albuqunm"        200   .33605212   .0305868
 "alexanla"        220   .57063821   .4303855
 "allentpa"        240   .53371261   .0510424
 "altoonpa"        280   .52167381   .0256391
 "amariltx"        320   .61328692    .340486
 "anaheica"        360   .34508616   .0210549
 "anchorak"        380   .33313498   .0435152
 "andersin"        400   .74525435   .3588333
 "anderssc"        405   .41757023   .1982039
 "annarbmi"        440   .49923369   .2049272
 "annistal"        450   .50057456   .3057765
 "ashevinc"        480   .62550264   .3369362
 "athensga"        500   .45612351   .2187507
 "atlantga"        520   .67305991   .5317931
 "atlantnj"        560    .6320751   .4423549
 "augustga"        600   .43914461   .2655343
 "aurorail"        620    .5119155   .0881133
 "austintx"        640   .50655064   .2416532
 "bakersca"        680   .50482783   .1635298
 "baltimmd"        720   .70944221   .5930057
 "batonrla"        760   .64069992    .487642
 "battlemi"        780   .63486133   .3641993
 "beaumotx"        840   .68742401   .5164868
 "beaverpa"        845    .6208468   .3101109
 "bentonmi"        870   .74138777   .5714296
 "bergennj"        875   .71285964   .3760034
 "biloxims"        920   .46157356   .2617529
 "binghany"        960   .51624827   .0355368
 "birminal"       1000   .71900826   .5833221
 "bloomiil"       1040   .38563216   .0369617
 "bloomiin"       1020    .3545886   .0188877
  "boiseid"       1080   .35650541   .0056136
 "bostonma"       1120   .67650931   .4454886
 "bouldeco"       1125   .36774982   .0074625
 "bradenfl"       1140   .69786605   .3058227
 "brazortx"       1145   .46421262   .1236575
 "bremerwa"       1150   .45721432   .0445511
 "bridgect"       1160   .67545925   .3113762
 "bristoct"       1170   .40048591   .0203045
 "brocktma"       1200   .49018487   .0963568
  "bryantx"       1260   .43770846   .1745622
 "buffalny"       1280   .80695862   .6244242
 "burlinnc"       1300   .40077113   .2167651
 "burlinvt"       1305   .38567922   .0127773
 "cantonoh"       1320   .63644133   .2849269
 "cedarria"       1360   .52730584   .0619293
 "champail"       1400   .44199745   .2220227
 "charlesc"       1440   .48027357   .2938457
 "charlewv"       1480   .59562189   .1934673
 "charlonc"       1520   .53679146   .3717106
 "charlova"       1540   .36974971   .1440266
 "chattatn"       1560   .72379605   .5110301
 "cheyenwy"       1580   .34492638    .029871
 "chicagil"       1600   .83577968   .7523187
  "chicoca"       1620   .46575965   .0416288
 "cincinoh"       1640   .76121338   .5487677
 "clarkstn"       1660   .37351862   .1553702
 "cleveloh"       1680   .84819063   .7525733
 "coloraco"       1720   .42479219   .0739494
 "columbga"       1800   .57419732   .4149552
 "columbmo"       1740   .43437158   .1298866
 "columboh"       1840   .67222514   .4494307
 "columbsc"       1760    .5306915   .3746359
 "corpustx"       1880   .44785165   .1312725
 "cumbermd"       1900   .47394062   .0289603
 "dallastx"       1920   .59210147   .4178011
 "danburct"       1930   .50452572   .0649336
 "danvilva"       1950   .30761245   .1527397
 "davenpia"       1960   .58499617   .2249147
 "daytonfl"       2020   .69100277   .4516999
 "daytonoh"       2000   .75122212   .5605648
 "decatual"       2030   .61594065   .3562432
 "decatuil"       2040   .58371999   .2851411
 "denverco"       2080     .639643   .3151487
 "desmoiia"       2120      .66222   .2587636
 "detroimi"       2160   .87276283   .7625341
 "dothanal"       2180   .41124403   .2684579
 "duluthmn"       2240   .58400133   .0226683
 "elkharin"       2330   .60861879   .1854697
 "elmirany"       2335   .56525783   .2330653
 "elpasotx"       2320   .47487838   .0813516
   "enidok"       2340   .39641378   .0402206
   "eriepa"       2360   .63569602   .2439374
 "eugeneor"       2400    .3952301   .0076677
 "evansvin"       2440   .60622201   .2530293
 "fallrima"       2480    .4681616   .0093387
 "fayettar"       2580   .61904798   .0364295
 "fayettnc"       2560   .30449611   .1731787
 "fitchbma"       2600   .37312474   .0148578
  "flintmi"       2640   .80921496    .664476
 "florenal"       2650   .44244063   .2349619
 "florensc"       2655   .46381202   .3321396
 "fortcoco"       2670   .48912969   .0090115
 "fortlafl"       2680   .67839657   .4758543
 "fortmyfl"       2700   .76572982   .5312951
 "fortpifl"       2710   .71195163   .5397853
 "fortsmar"       2720   .59223814    .143484
 "fortwafl"       2750   .38186941   .0912345
 "fortwain"       2760   .74237331   .4410895
 "fortwotx"       2800    .5992809   .3795974
 "fresnoca"       2840   .46944187   .1810661
 "gadsdeal"       2880   .70061637   .4317087
 "gainesfl"       2900   .38707724   .2197111
 "galvestx"       2920   .59660746   .3638285
   "garyin"       2960   .86920756    .736501
 "glensfny"       2975   .77798033   .2211013
 "grandfnd"       2985   .55814958   .0541078
 "grandrmi"       3000   .72594696   .4277341
 "greatfmt"       3040   .59513618   .0399097
 "greenbwi"       3080   .53880606   .1518579
 "greensnc"       3120   .61069169   .4461507
 "greenvsc"       3160   .48512366   .2817813
 "hagersmd"       3180   .67658012   .3987421
 "hamiltoh"       3200   .60051821   .2927498
 "harrispa"       3240   .75894666   .4161179
 "hartfoct"       3280    .7058981   .4612378
 "hickornc"       3290   .39471901   .1305743
 "honoluhi"       3320   .55473165   .0971138
  "houmala"       3350   .47848052   .1908132
 "houstotx"       3360   .61748388   .4356502
 "huntinwv"       3400   .70166275   .1615366
 "huntsval"       3440   .57483829   .3236761
 "indianin"       3480   .74389384   .5449089
 "iowaciia"       3500   .33578017   .0143342
 "jacksofl"       3600   .58288187    .448325
 "jacksomi"       3520   .69815135   .3488816
 "jacksoms"       3560   .67630196   .5406696
 "jacksonc"       3605   .20609324   .0765028
 "jacksotn"       3580   .58927082   .4211468
 "jamestny"       3610    .5516792   .0503238
 "janesvwi"       3620   .69334824   .2097305
 "jerseynj"       3640   .63062521   .4373135
 "johnsotn"       3660   .56753467   .0801918
 "johnstpa"       3680   .74690879   .1577012
 "jolietil"       3690   .68888068   .3618878
 "joplinmo"       3710    .5580492   .0686584
 "kalamami"       3720   .52773712   .2916228
 "kankakil"       3740   .71682837   .5573813
 "kansasmo"       3760   .72065445   .5481926
 "kenoshwi"       3800    .5979034   .1277657
 "killeetx"       3810   .37777972   .1223534
 "knoxvitn"       3840   .61684782   .3885405
 "kokomoin"       3850   .60658688   .2825438
 "lafayein"       3920   .39004173   .0187764
 "lafayela"       3880    .4961653   .2858022
 "lakechla"       3960   .64197726   .4809322
 "lakecoil"       3965   .68861405   .2754342
 "lakelafl"       3980   .56792194   .3327272
 "lancaspa"       4000   .65631658   .1516226
 "lansinmi"       4040   .55274761   .1723033
 "lascrunm"       4100   .37487583   .0348426
 "lasvegnv"       4120   .46847185   .2705727
 "lawrenks"       4150   .26592632   .0199971
 "lawrenma"       4160   .55822975    .046032
 "lawtonok"       4200   .32887154    .138607
 "lexingky"       4280   .53941796   .2902157
   "limaoh"       4320     .658021   .3178281
 "lincolne"       4360   .44382346   .0534586
 "littlear"       4400   .60514732   .4037277
 "longvitx"       4420    .4644775   .2422328
 "lorainoh"       4440   .55369322   .1687831
 "losangca"       4480   .64121192   .3645721
 "louisvky"       4520   .69426591   .5200229
 "lowellma"       4560   .41997716   .0145715
 "lubboctx"       4600   .54428734   .3143711
 "lynchbva"       4640   .40276521   .2334393
  "maconga"       4680    .5253036   .3577234
 "madisowi"       4720   .48876666   .0697599
 "manchenh"       4760    .4471238   .0098381
 "mansfioh"       4800   .68826936   .3048256
 "mcalletx"       4880   .50028441   .0053978
 "melboufl"       4900   .52288494   .2274109
 "memphitn"       4920   .69135986   .5727691
 "mercedca"       4940   .34144754    .030233
  "miamifl"       5000   .70335375   .5169978
 "middlect"       5020   .44871978   .0719959
 "middlenj"       5015   .52293695   .1639028
 "midlantx"       5040   .55305345   .2090206
 "milwauwi"       5080   .82042723   .6487262
 "minneamn"       5120   .61204401   .2255221
 "mobileal"       5160   .65765533   .5330618
 "modestca"       5170   .38375621   .0169339
 "monmounj"       5190   .65768625   .3319131
 "monroela"       5200   .71117951   .5965354
 "montgoal"       5240   .59668927   .4344388
 "munciein"       5280   .62737548   .4252703
 "muskegmi"       5320   .76662816   .4822527
 "naplesfl"       5345   .59949387   .3048543
 "nashuanh"       5350   .35438875   .0081279
 "nashvitn"       5360   .60430649   .4330995
 "nassauny"       5380     .742692   .4314694
 "newarknj"       5640   .77983914   .6222516
 "newbedma"       5400   .52843015   .0515566
 "newbrict"       5440   .46996051   .0534583
 "newhavct"       5480   .66596915   .3656492
 "newlonct"       5520   .49634703   .0918122
 "neworlla"       5560   .67765203   .5387553
 "newyorny"       5600   .69129967   .5212383
 "niagarny"       5700   .66596382   .3241559
 "norfolva"       5720   .49196028   .3609439
 "norwalct"       5760   .55676695   .2165633
 "oaklanca"       5775    .6158477   .3728316
  "ocalafl"       5790   .51966408   .3152913
 "odessatx"       5800    .4205096   .1423618
 "oklahook"       5880   .59536378   .3657079
 "olympiwa"       5910   .43489845   .0231782
  "omahane"       5920   .70577488   .4226168
 "orangeny"       5950   .51614028   .1861771
 "orlandfl"       5960   .59504759   .3974793
 "owensbky"       5990   .57958658   .1246557
 "oxnardca"       6000   .39134701   .0247044
 "panamafl"       6015   .54655647   .2861708
 "parkerwv"       6020     .427164   .0144454
 "pascagms"       6025   .55324312   .3604674
 "pawtucri"       6060   .50953946   .0365721
 "pensacfl"       6080   .53015444   .2925513
 "peoriail"       6120   .70092377   .3384824
 "philadpa"       6160   .75095576   .6080194
 "phoeniaz"       6200   .44385224   .1090319
 "pineblar"       6240   .57742258   .4204612
 "pittsbpa"       6280   .71346498   .4866579
 "pittsfma"       6320   .55486008   .0622703
 "portlame"       6400    .4846614   .0100657
 "portlaor"       6440   .67314014    .275185
 "portsmnh"       6450    .5203375   .0411572
 "poughkny"       6460   .57448738   .2579581
 "providri"       6480   .66038615   .2170048
 "puebloco"       6560   .37512336   .0232274
 "racinewi"       6600   .61780721   .3149979
 "raleignc"       6640   .48204146   .3272706
 "rapidcsd"       6660   .40722055   .0310293
 "readinpa"       6680   .60971094   .1166151
 "reddinca"       6690   .33414038    .007393
   "renonv"       6720   .36996112   .0248176
 "richlawa"       6740   .42387565   .0286849
 "richmova"       6760   .58927479   .4278612
 "riversca"       6780    .3896379   .0798868
 "roanokva"       6800   .69008809   .4812915
 "rochesny"       6840   .66253034   .3923009
 "rockfoil"       6880   .71721232   .3888168
 "sacramca"       6920   .50985309   .1304663
 "saginami"       6960   .80720871   .5860333
  "salemma"       7090   .46281706   .0219596
  "salemor"       7080    .4431142   .0341857
 "salinaca"       7120   .59507221   .1537925
 "saltlaut"       7160   .48950589   .0314461
 "sanangtx"       7200   .36445516   .1164926
 "sananttx"       7240   .51249698   .2034413
 "sandieca"       7320   .50339766   .1413569
 "sanfraca"       7360   .57708679    .263786
 "sanjosca"       7400   .32240184   .0213809
 "santabca"       7480   .37993393   .0413772
 "santacca"       7485   .42794124    .013484
 "santarca"       7500   .37264166   .0127123
 "sarasofl"       7510   .74167965   .4589848
 "savannga"       7520   .61394901   .4915968
 "scrantpa"       7560   .62677153   .0783277
 "seattlwa"       7600   .55753258   .1876682
 "sharonpa"       7610   .66705188   .2978112
 "shermatx"       7640   .49530645   .1366761
 "shrevela"       7680   .60466994   .4544154
 "siouxcia"       7720   .54646385   .0437749
 "southbin"       7800    .6463489   .3254146
 "spokanwa"       7840   .45687004   .0311839
 "springil"       7880   .64725993   .3507599
 "springma"       8000   .65842901   .3130014
 "springmo"       7920   .58086022   .0772161
 "stamfoct"       8040   .63509701   .2644552
 "statecpa"       8050   .53895827   .0576231
 "steubeoh"       8080     .631298   .1909668
 "stjosemo"       7000   .43960882   .0622632
 "stlouimo"       7040   .76971252    .626363
 "stocktca"       8120     .498405   .1050913
 "syracuny"       8160   .73178404   .4101708
 "tacomawa"       8200   .45446599   .0975163
 "tallahfl"       8240   .51970385   .3323617
  "tampafl"       8280   .68707299   .4318255
 "terrehin"       8320   .56218405   .1507262
 "texarktx"       8360   .40415608   .2402011
 "toledooh"       8400   .73617099   .5283234
 "topekaks"       8440    .5360038   .1543532
 "trentonj"       8480   .66040616   .4636158
 "tucsonaz"       8520   .36800782   .0362809
  "tulsaok"       8560   .62972139   .4523312
 "tuscalal"       8600   .50333589   .3581815
  "tylertx"       8640    .4963183   .3343097
  "uticany"       8680   .66794879   .2692239
 "vallejca"       8720   .43689187   .1289623
 "vancouwa"       8725   .36884742   .0090094
 "victortx"       8750   .32928493   .0561788
 "vinelanj"       8760   .35921767   .1850796
 "visalica"       8780   .47928792   .0345243
   "wacotx"       8800   .49644382   .3087182
 "washindc"       8840   .64058949   .4985389
 "waterbct"       8880    .6089914   .2291604
 "waterlia"       8920   .71564318   .3572169
 "westpafl"       8960   .73362341   .5290014
 "wheeliwv"       9000   .57349897   .1042149
 "wichitks"       9040   .62887176   .4116727
 "wichittx"       9080    .5933444   .3001958
 "williapa"       9140   .68514628   .1057298
 "wilminde"       9160   .54461351   .3465248
 "wilminnc"       9200    .5819092   .4163885
 "worcesma"       9240   .52491471   .0593414
 "yakimawa"       9260   .45190581   .0296987
   "yorkpa"       9280   .70977407   .2333481
 "youngsoh"       9320   .74870915    .483541
 "yubacica"       9340   .39702709   .0401906
   "yumaaz"       9360   .35031414   .0340459